1 0.443385340625 0.760772409375 0.5265984609375 0.725111259375 0.5907915453125 0.6894501078124999 0.5682051203125 0.59673096875 0.5194658859375 0.5468053578125 0.45408410468750005 0.5414561671875 0.31143298124999996 0.57890043125 0.2555612703125 0.5931648890625 0.21687466562500002 0.662433146875 0.247239996875 0.6965823375 0.2924128453125 0.7322434875 0.443385340625 0.760772409375
1 0.4849919 0.48796440468749996 0.58365896875 0.5289747453125 0.6335869015625 0.502228865625 0.6300206140625 0.45586933125 0.65498453125 0.4291234515625 0.6383418875 0.41842506874999996 0.5527511734375 0.41842506874999996 0.4814256125 0.4291234515625 0.430308984375 0.41842506874999996 0.391711265625 0.432040990625 0.39345740625 0.46300156093749995 0.42555389843749997 0.468350753125 0.4849919 0.48796440468749996
1 0.7084786515625 0.30609235 0.7274988875 0.272214240625 0.6954023953124999 0.247251396875 0.6502294484375 0.2490344359375 0.6172014625 0.2751782453125 0.6181329546875001 0.29539396875 0.6454744625 0.30609235 0.7084786515625 0.30609235
0 0.9561632171875001 0.955161509375 0.9430868609375 0.9569445484375001 0.9317936 0.9426800140625 0.91455665625 0.9132595734375 0.9187172921875 0.894537440625 0.9395205734375001 0.8749238281249999 0.9573520125 0.8784899062499999 0.9811271828124999 0.8731407156250001 0.9561632171875001 0.8704661937499999 0.938926225 0.8624423703125 0.9252554703125 0.8793815 0.911584765625 0.8874052125 0.90326344375 0.9052357875 0.91812294375 0.940896975 0.938926225 0.9783412374999999 0.9483066125 0.99665775 0.953785725 0.9926056984375 0.9448700046875 0.9703174515624999 0.9561632171875001 0.955161509375
0 0.8812713671875001 0.8499609484375 0.8895926890625001 0.851744025 0.9139622093750001 0.8597677750000001 0.928821709375 0.8535270640625001 0.9424925125 0.8339134125 0.9561632171875001 0.8098421281249999 0.9668620812500001 0.7911199953125 0.95556881875 0.7911199953125 0.9413037171875 0.8134082406250001 0.934171190625 0.832130371875 0.9163398 0.8446117937500001 0.899102709375 0.8383710828125001 0.8812713671875001 0.8312388531250001 0.8681950109375001 0.8428287187500001 0.859254325 0.872883240625 0.8616568328125 0.8882967703125001 0.8747331890625001 0.86868308125 0.8812713671875001 0.8499609484375
0 0.9264442171875 0.73851975 0.928821709375 0.7251468109375 0.9347655390625 0.6975093718750001 0.934171190625 0.6770042015625 0.9270386140625 0.667197375 0.9264442171875 0.6458006859375 0.9216891828125 0.6466922421875 0.91812294375 0.6689804515625 0.92584981875 0.6859195078125 0.9246611218749999 0.7090993109375 0.9139622093750001 0.7233637359375 0.921094834375 0.7447605 0.9336007296875 0.765040103125 0.9514081828125001 0.7572418828124999 0.9460587515625001 0.751892690625 0.9264442171875 0.73851975
0 0.9823159296874999 0.894537440625 0.9870709640625 0.8793815 1 0.857093253125 0.9840990734374999 0.8383710828125001 0.9751834031250001 0.8428287187500001 0.9852878203125 0.8624423703125 0.9739946078124999 0.8829475390624999 0.9704283203124999 0.8954289609374999 0.9924203953124999 0.9070188625 0.9826203375 0.9170008875000001 0.9894485062499999 0.92217484375 1 0.9025611906250001 0.9823159296874999 0.894537440625
0 0.8337209765625 0.881164503125 0.8426366984375001 0.8874052125 0.8438254421875 0.9007781515625 0.8521467656249999 0.8998866328125 0.8610624359375001 0.8749238281249999 0.8515523671875 0.8731407156250001 0.8271827984375 0.865116965625 0.8093514078125 0.8695746 0.797979815625 0.8839126515625001 0.8022188328125001 0.890079809375 0.8230221640625001 0.881164503125 0.8337209765625 0.881164503125
0 0.89197023125 0.7661571890625 0.893158928125 0.7429773843749999 0.8943477234375001 0.7233637359375 0.9008859015624999 0.7019670437500001 0.9038577921875 0.6930517375 0.90326344375 0.671655046875 0.899102709375 0.6484752421875 0.8925645796874999 0.6484752421875 0.8925645796874999 0.6618482234374999 0.891375834375 0.679678796875 0.8866208 0.6957263703125001 0.8866208 0.7090993109375 0.8788938765625 0.731387559375 0.878299478125 0.7536757671875 0.8796791624999999 0.7772950046875 0.8854320546875 0.7911199953125 0.8907814359374999 0.7866623609375 0.89197023125 0.7661571890625
0 0.9894485062499999 0.67611268125 0.9942034906250001 0.6475837249999999 0.9840990734374999 0.65649903125 0.9739946078124999 0.6912686984375 0.9739946078124999 0.7135569453125 0.9811271828124999 0.7411943453125 0.994058246875 0.7699420640625 0.9858822171874999 0.7340621171875 0.9852878203125 0.7082077546875001 0.9894485062499999 0.67611268125
0 0.938926225 0.63064466875 0.9347655390625 0.6092479609375 0.9335767921875 0.5780444265625 0.928821709375 0.5985495953125 0.922877928125 0.618163246875 0.930604903125 0.639559975 0.9300105046875 0.65649903125 0.9502194375 0.65649903125 0.9703654359374999 0.64739304375 0.9674564296874999 0.6368853796875 0.9502194375 0.6368853796875 0.938926225 0.63064466875