1 0.4805341140625 0.5468053578125 0.4317948796875 0.59673096875 0.4092084546875 0.6894501078124999 0.47340153906250004 0.725111259375 0.556614659375 0.760772409375 0.7075871546875 0.7322434875 0.752760003125 0.6965823375 0.783125334375 0.662433146875 0.7444387296875 0.5931648890625 0.6885670187499999 0.57890043125 0.5459158953125 0.5414561671875 0.4805341140625 0.5468053578125
1 0.3616581125 0.41842506874999996 0.34501546875 0.4291234515625 0.3699793859375 0.45586933125 0.3664130984375 0.502228865625 0.41634103125 0.5289747453125 0.5150081 0.48796440468749996 0.5744461015625 0.468350753125 0.60654259375 0.46300156093749995 0.6082887343750001 0.432040990625 0.569691015625 0.41842506874999996 0.5185743875 0.4291234515625 0.4472488265625 0.41842506874999996 0.3616581125 0.41842506874999996
1 0.2915213484375 0.30609235 0.3545255375 0.30609235 0.38186704531250004 0.29539396875 0.3827985375 0.2751782453125 0.3497705515625 0.2490344359375 0.30459760468749997 0.247251396875 0.2725011125 0.272214240625 0.2915213484375 0.30609235
0 0.088415234375 0.8874052125 0.0747445296875 0.8793815 0.061073775 0.8624423703125 0.0438367828125 0.8704661937499999 0.018872817187499998 0.8731407156250001 0.0426479875 0.8784899062499999 0.06047942656250001 0.8749238281249999 0.0812827078125 0.894537440625 0.08544334375 0.9132595734375 0.0682064 0.9426800140625 0.05691313906249999 0.9569445484375001 0.0438367828125 0.955161509375 0.0551299953125 0.9703174515624999 0.046214275 0.9926056984375 0.0516933875 0.99665775 0.061073775 0.9783412374999999 0.08187705625 0.940896975 0.09673655625000001 0.9052357875 0.088415234375 0.8874052125
0 0.08366019999999999 0.8446117937500001 0.06582880937499999 0.832130371875 0.0586962828125 0.8134082406250001 0.04443118125 0.7911199953125 0.03313791875 0.7911199953125 0.0438367828125 0.8098421281249999 0.057507487499999996 0.8339134125 0.071178290625 0.8535270640625001 0.086037790625 0.8597677750000001 0.1104073109375 0.851744025 0.11872863281249998 0.8499609484375 0.1252668109375 0.86868308125 0.1383431671875 0.8882967703125001 0.140745675 0.872883240625 0.1318049890625 0.8428287187500001 0.11872863281249998 0.8312388531250001 0.100897290625 0.8383710828125001 0.08366019999999999 0.8446117937500001
0 0.07415018125 0.6859195078125 0.08187705625 0.6689804515625 0.0783108171875 0.6466922421875 0.0735557828125 0.6458006859375 0.0729613859375 0.667197375 0.06582880937499999 0.6770042015625 0.0652344609375 0.6975093718750001 0.071178290625 0.7251468109375 0.0735557828125 0.73851975 0.0539412484375 0.751892690625 0.048591817187500004 0.7572418828124999 0.06639927031250001 0.765040103125 0.078905165625 0.7447605 0.086037790625 0.7233637359375 0.075338878125 0.7090993109375 0.07415018125 0.6859195078125
0 0.014712179687499998 0.8624423703125 0.024816596875 0.8428287187500001 0.0159009265625 0.8383710828125001 0 0.857093253125 0.0129290359375 0.8793815 0.0176840703125 0.894537440625 0 0.9025611906250001 0.01055149375 0.92217484375 0.0173796625 0.9170008875000001 0.0075796046875 0.9070188625 0.0295716796875 0.8954289609374999 0.026005392187499997 0.8829475390624999 0.014712179687499998 0.8624423703125
0 0.1389375640625 0.8749238281249999 0.147853234375 0.8998866328125 0.1561745578125 0.9007781515625 0.1573633015625 0.8874052125 0.1662790234375 0.881164503125 0.1769778359375 0.881164503125 0.1977811671875 0.890079809375 0.20202018437499997 0.8839126515625001 0.19064859218750002 0.8695746 0.1728172015625 0.865116965625 0.1484476328125 0.8731407156250001 0.1389375640625 0.8749238281249999
0 0.11337919999999999 0.6957263703125001 0.10862416562499999 0.679678796875 0.1074354203125 0.6618482234374999 0.1074354203125 0.6484752421875 0.100897290625 0.6484752421875 0.09673655625000001 0.671655046875 0.0961422078125 0.6930517375 0.09911409843749999 0.7019670437500001 0.10565227656250001 0.7233637359375 0.106841071875 0.7429773843749999 0.10802976875 0.7661571890625 0.1092185640625 0.7866623609375 0.1145679453125 0.7911199953125 0.1203208375 0.7772950046875 0.121700521875 0.7536757671875 0.1211061234375 0.731387559375 0.11337919999999999 0.7090993109375 0.11337919999999999 0.6957263703125001
0 0.0159009265625 0.65649903125 0.005796509375 0.6475837249999999 0.01055149375 0.67611268125 0.014712179687499998 0.7082077546875001 0.014117782812499998 0.7340621171875 0.005941753125 0.7699420640625 0.018872817187499998 0.7411943453125 0.026005392187499997 0.7135569453125 0.026005392187499997 0.6912686984375 0.0159009265625 0.65649903125
0 0.077122071875 0.618163246875 0.071178290625 0.5985495953125 0.0664232078125 0.5780444265625 0.0652344609375 0.6092479609375 0.061073775 0.63064466875 0.0497805625 0.6368853796875 0.0325435703125 0.6368853796875 0.0296345640625 0.64739304375 0.0497805625 0.65649903125 0.06998949531250001 0.65649903125 0.06939509687499999 0.639559975 0.077122071875 0.618163246875