0 0.35546875 0.094728125 0.365234375 0.063478125 0.352540625 0.05078125 0.349609375 0.094728125 0.35546875 0.094728125
0 0.220703125 0.9990249999999999 0.21875 0.9716812499999999 0.204103125 0.947265625 0.203125 0.9990249999999999 0.220703125 0.9990249999999999
0 0.62890625 0.6181656249999999 0.6044937499999999 0.62109375 0.5751968749999999 0.66796875 0.5498062499999999 0.666015625 0.5361343749999999 0.650390625 0.51953125 0.7060562499999999 0.5751968749999999 0.681640625 0.62890625 0.6181656249999999
0 0.48046875 0.9990249999999999 0.474609375 0.9169937499999999 0.484375 0.9033218749999999 0.484375 0.8193374999999999 0.5078125 0.7958999999999999 0.49902499999999994 0.767578125 0.49121249999999994 0.78515625 0.46191562499999994 0.802734375 0.344728125 0.798828125 0.325196875 0.814453125 0.296875 0.8173843749999999 0.46777499999999994 0.81640625 0.4765625 0.8349624999999999 0.458984375 0.9443374999999999 0.470703125 0.9658218749999999 0.470703125 0.9951187499999999 0.48046875 0.9990249999999999
0 0.23730625 0.787109375 0.154296875 0.7861343749999999 0.19921875 0.8115249999999999 0.19921875 0.8935562499999999 0.2109375 0.8134781249999999 0.219728125 0.806640625 0.27636875 0.80859375 0.28125 0.7685562499999999 0.3125 0.7353531249999999 0.3515625 0.5478531249999999 0.360353125 0.53515625 0.37890625 0.5302749999999999 0.37011875 0.515625 0.349609375 0.5244156249999999 0.3359375 0.5712906249999999 0.322265625 0.5849624999999999 0.310546875 0.6884781249999999 0.275390625 0.7431656249999999 0.25 0.7587906249999999 0.23730625 0.787109375
0 0.7734375 0.15136875 0.763671875 0.23730625 0.75 0.249025 0.74609375 0.290040625 0.71484375 0.3505875 0.716796875 0.3662125 0.734375 0.375978125 0.75 0.43847812499999994 0.75 0.48144687499999994 0.732421875 0.5166031249999999 0.755859375 0.5068374999999999 0.76171875 0.41894687499999994 0.74609375 0.391603125 0.74609375 0.352540625 0.759765625 0.26465 0.7734375 0.2334 0.775390625 0.172853125 0.80078125 0.12011875000000001 0.8037124999999999 0.08984375 0.7841812499999999 0.134765625 0.7587906249999999 0.1328125 0.7451187499999999 0.109375 0.7041031249999999 0.109375 0.6865249999999999 0.125 0.6796875 0.10840000000000001 0.689453125 0.0693375 0.673828125 0.06543125 0.662109375 0.172853125 0.638671875 0.24511875 0.634765625 0.336915625 0.609375 0.37011875 0.578125 0.5126968749999999 0.5517593749999999 0.529296875 0.5419937499999999 0.517578125 0.5126968749999999 0.517578125 0.48144687499999994 0.50390625 0.44629062499999994 0.509765625 0.43066562499999994 0.498046875 0.423828125 0.5048843749999999 0.42871249999999994 0.513671875 0.49902499999999994 0.5390625 0.5625 0.5498062499999999 0.5771499999999999 0.53515625 0.62109375 0.5283218749999999 0.6162124999999999 0.515625 0.599609375 0.5107437499999999 0.59765625 0.48925937499999994 0.61328125 0.46582187499999994 0.623046875 0.372071875 0.6474624999999999 0.34765625 0.6591812499999999 0.34765625 0.6748062499999999 0.365234375 0.712890625 0.35449375 0.646484375 0.333009375 0.65234375 0.22168125 0.669921875 0.161134375 0.6923843749999999 0.14453125 0.7734375 0.15136875
0 0 0.7587906249999999 0.071290625 0.763671875 0.12402500000000001 0.794921875 0.140625 0.7939468749999999 0.09668125 0.75390625 0.07324375 0.751953125 0.0390625 0.7158218749999999 0.044921875 0.6826187499999999 0.059571874999999996 0.669921875 0.09765625 0.6689468749999999 0.091796875 0.6337906249999999 0.109375 0.6298843749999999 0.1171875 0.5908218749999999 0.090821875 0.630859375 0.068359375 0.5791031249999999 0.086915625 0.546875 0.10058750000000001 0.546875 0.111328125 0.5751968749999999 0.119140625 0.5712906249999999 0.13671875 0.45605624999999994 0.15136875 0.462890625 0.247071875 0.46484375 0.27636875 0.484375 0.352540625 0.470703125 0.3662125 0.49609375 0.40625 0.5029312499999999 0.4140625 0.40527499999999994 0.3984375 0.352540625 0.39453125 0.29199375 0.35546875 0.22949375 0.361328125 0.12011875000000001 0.35449375 0.107421875 0.34765625 0.243165625 0.384765625 0.317384375 0.388671875 0.38965 0.400390625 0.41308749999999994 0.39355625 0.486328125 0.37793125 0.48046875 0.360353125 0.453125 0.33886875 0.443359375 0.29980625 0.458984375 0.239259375 0.44140625 0.19824375 0.451171875 0.188478125 0.44140625 0.14355625 0.435546875 0.1015625 0.344728125 0.05859375 0.297853125 0.046875 0.192384375 0.046875 0.311525 0.068359375 0.344728125 0.0625 0.38574375 0.071290625 0.359375 0.092775 0.361328125 0.1171875 0.39355625 0.130859375 0.45019687499999994 0.10644687500000001 0.44921875 0.071290625 0.416015625 0.048828125 0.42285312499999994 0.09765625 0.46386874999999994 0.10546875 0.5244156249999999 0.079103125 0.525390625 0.055665624999999996 0.546875 0.021484375 0.5478531249999999 0.037109375 0.5693374999999999 0.037109375 0.6181656249999999 0.025390625 0.6396499999999999 0.025390625 0.7099624999999999 0 0.7431656249999999 0 0.7587906249999999
0 0.01855625 0.283203125 0 0.293946875 0.005859375 0.301759375 0.01855625 0.283203125
0 0.00390625 0.16699375 0.015625 0.157228125 0.01465 0.140625 0 0.13965 0.00390625 0.16699375
0 0.7109375 0.5869156249999999 0.7265625 0.5595718749999999 0.7236343749999999 0.544921875 0.685546875 0.5791031249999999 0.703125 0.6298843749999999 0.7109375 0.5869156249999999
0 0.708984375 0.6845718749999999 0.7021499999999999 0.646484375 0.69921875 0.6845718749999999 0.671875 0.7529312499999999 0.671875 0.7822281249999999 0.681640625 0.8017593749999999 0.689453125 0.7353531249999999 0.708984375 0.6845718749999999
0 0.7138687499999999 0.8125 0.701171875 0.9130874999999999 0.705078125 0.9833999999999999 0.716796875 0.9365249999999999 0.71484375 0.8603531249999999 0.72265625 0.8369156249999999 0.7138687499999999 0.8125
0 0.05859375 0.29980625 0.047853125 0.189453125 0.046875 0.311525 0.060546875 0.3193375 0.078125 0.35449375 0.123046875 0.391603125 0.1015625 0.34668125 0.05859375 0.29980625
0 0.0390625 0.092775 0.028321875000000003 0.095703125 0.01171875 0.061524999999999996 0.01171875 0.008790625 0.000978125 0.0078125 0 0.090821875 0.029296875 0.11230625000000001 0.037109375 0.161134375 0.046875 0.17480625 0.041015625 0.11425937500000001 0.083984375 0.012696875 0.060546875 0.061524999999999996 0.0390625 0.092775
0 0.80078125 0.7841812499999999 0.783203125 0.8427749999999999 0.75 0.8681656249999999 0.759765625 0.8857437499999999 0.740234375 0.9287124999999999 0.75 0.9931656249999999 0.7578125 0.9814468749999999 0.751953125 0.9345718749999999 0.7734375 0.8916031249999999 0.7734375 0.8681656249999999 0.79296875 0.8564468749999999 0.8515625 0.7392593749999999 0.869140625 0.7333999999999999 0.90234375 0.6533218749999999 0.912109375 0.6220718749999999 0.9033218749999999 0.53125 0.900390625 0.6337906249999999 0.87890625 0.6572281249999999 0.87109375 0.6884781249999999 0.845703125 0.7197281249999999 0.83984375 0.7412124999999999 0.80078125 0.7841812499999999
0 0.78125 0.153321875 0.806640625 0.10840000000000001 0.8134781249999999 0.0546875 0.7822281249999999 0.134765625 0.7587906249999999 0.1328125 0.7470718749999999 0.109375 0.7041031249999999 0.109375 0.6904312499999999 0.125 0.671875 0.12402500000000001 0.6748062499999999 0.142578125 0.7626968749999999 0.142578125 0.771484375 0.153321875 0.763671875 0.2334 0.75 0.247071875 0.748046875 0.28418125 0.716796875 0.34668125 0.6962906249999999 0.34765625 0.693359375 0.356446875 0.7138687499999999 0.359375 0.734375 0.37793125 0.75 0.46191562499999994 0.734375 0.5166031249999999 0.8056656249999999 0.517578125 0.8505874999999999 0.54296875 0.865234375 0.5419937499999999 0.8994156249999999 0.529296875 0.9208999999999999 0.49609375 0.9990249999999999 0.49609375 1 0.48535312499999994 0.9736343749999999 0.484375 0.9482437499999999 0.470703125 0.8916031249999999 0.47265625 0.8662124999999999 0.4609375 0.8447281249999999 0.505859375 0.76171875 0.49121249999999994 0.763671875 0.41894687499999994 0.748046875 0.387696875 0.748046875 0.348634375 0.76171875 0.26465 0.771484375 0.249025 0.78125 0.153321875