0 0.9990218750000001 0.96875 0.9775375000000001 0.984375 0.9091781250000001 0.984375 0.8623031250000001 0.919921875 0.8583968750000001 0.935546875 0.87109375 0.9775406249999999 0.8916000000000001 0.9921875 1 0.9892593749999999 0.9990218750000001 0.96875
0 0.494140625 0.8212906249999999 0.501953125 0.9072281249999999 0.48046875 0.9423843749999999 0.48046875 0.9990249999999999 0.49511562500000006 1 0.51953125 0.9326187499999999 0.521484375 0.8916031249999999 0.541015625 0.8564468749999999 0.53125 0.7841812499999999 0.5732406250000001 0.732421875 0.6259750000000001 0.73046875 0.6748031250000001 0.744140625 0.7314437500000001 0.7265625 0.8408187500000001 0.71484375 0.8828125 0.6982437499999999 0.8037093750000001 0.712890625 0.7236312500000001 0.71484375 0.6826156250000001 0.728515625 0.5595687500000001 0.71875 0.5400375000000001 0.740234375 0.533203125 0.6845718749999999 0.546875 0.6435562499999999 0.541015625 0.5966812499999999 0.5625 0.5576187499999999 0.564453125 0.5244156249999999 0.5029281250000001 0.533203125 0.5009750000000001 0.5390625 0.55078125 0.5458999999999999 0.513671875 0.5927749999999999 0.513671875 0.6396499999999999 0.52734375 0.6533218749999999 0.529296875 0.6689468749999999 0.51171875 0.7197281249999999 0.49706875000000006 0.732421875 0.358396875 0.7265625 0.3291 0.736328125 0.29394375 0.724609375 0.279296875 0.7490249999999999 0.25 0.7685562499999999 0.20703125 0.8466812499999999 0.189453125 0.8603531249999999 0.185546875 0.9130874999999999 0.15625 0.9404312499999999 0.157225 0.96875 0.18456875 0.953125 0.197265625 0.9345718749999999 0.2109375 0.8642593749999999 0.23046875 0.8447281249999999 0.240234375 0.8154312499999999 0.26953125 0.7763687499999999 0.29785 0.755859375 0.389646875 0.744140625 0.48339687500000006 0.744140625 0.501953125 0.7568374999999999 0.509765625 0.7880874999999999 0.494140625 0.8212906249999999
0 0.9990218750000001 0.650390625 0.9658187500000001 0.65625 0.9091781250000001 0.626953125 0.8857406250000001 0.623046875 0.8798812500000001 0.634765625 0.869140625 0.6298843749999999 0.865234375 0.6005874999999999 0.841796875 0.5576187499999999 0.8251937500000001 0.5390625 0.810546875 0.5361343749999999 0.818359375 0.49121249999999994 0.8056625000000001 0.453125 0.56640625 0.5205093749999999 0.6044906250000001 0.54296875 0.7158187500000001 0.546875 0.7470687500000001 0.5625 0.7822250000000001 0.55859375 0.8017562500000001 0.544921875 0.828125 0.5673843749999999 0.837890625 0.6064468749999999 0.888671875 0.6748062499999999 0.88671875 0.6962906249999999 0.9091781250000001 0.681640625 0.9140625 0.7099624999999999 0.931640625 0.7236343749999999 0.884765625 0.7724624999999999 0.869140625 0.8095718749999999 0.8359375 0.8466812499999999 0.82421875 0.8857437499999999 0.7607406250000001 0.935546875 0.7294906250000001 0.947265625 0.6103500000000001 0.947265625 0.5654281250000001 0.95703125 0.7314437500000001 0.95703125 0.7861312500000001 0.93359375 0.837890625 0.8896499999999999 0.8671875 0.8486343749999999 0.869140625 0.8173843749999999 0.900390625 0.7802749999999999 0.90234375 0.7646499999999999 0.9443343750000001 0.73828125 0.9501937500000001 0.720703125 0.9814437500000001 0.720703125 1 0.7080093749999999 0.9990218750000001 0.650390625
0 0.6748031250000001 0.083984375 0.7080062500000001 0.08984375 0.73046875 0.079103125 0.6748031250000001 0.083984375
0 0.7744125000000001 0.357421875 0.7890625 0.344728125 0.7861312500000001 0.328125 0.7734375 0.33886875 0.7744125000000001 0.357421875
0 0.80078125 0.40918124999999994 0.775390625 0.387696875 0.7744125000000001 0.369140625 0.7705062500000001 0.400390625 0.802734375 0.42285312499999994 0.80078125 0.40918124999999994
0 0.8095687500000001 0.447265625 0.8447250000000001 0.4375 0.8798812500000001 0.4453125 0.90625 0.42285312499999994 0.8720687500000001 0.431640625 0.8193343750000001 0.4296875 0.8095687500000001 0.447265625
0 0.802734375 0.067384375 0.8427718750000001 0.044921875 0.849609375 0.024415625 0.87890625 0.000978125 0.8603500000000001 0 0.8310531250000001 0.046875 0.7724593750000001 0.076171875 0.794921875 0.090821875 0.7998031250000001 0.12109375 0.802734375 0.067384375
0 0.6435531250000001 0.078125 0.6728500000000001 0.0703125 0.7080062500000001 0.046875 0.728515625 0.006837500000000001 0.6982406250000001 0.02734375 0.6806625000000001 0.052734375 0.6494125000000001 0.068359375 0.5947250000000001 0.015625 0.5771468750000001 0.0234375 0.6318343750000001 0.091796875 0.6435531250000001 0.078125
0 1 0.2255875 0.9931625000000001 0.21875 0.9228500000000001 0.224609375 0.8837875000000001 0.212890625 0.8271468750000001 0.1875 0.8154281250000001 0.158203125 0.8125 0.219728125 0.7890625 0.2568375 0.7880843750000001 0.3203125 0.8125 0.305665625 0.798828125 0.266603125 0.8251937500000001 0.251953125 0.8564437500000001 0.251953125 0.9267562500000001 0.2890625 0.9931625000000001 0.287109375 1 0.282228125 1 0.2255875
0 0.041990625 0.61328125 0.0869125 0.609375 0.1171875 0.5966812499999999 0.04785 0.60546875 0.041990625 0.61328125
0 0.014646875 0.201171875 0.034178125 0.244140625 0.041015625 0.20215 0.02050625 0.17578125 0.014646875 0.201171875
0 0.109375 0.12207187500000001 0.0087875 0.12109375 0 0.125978125 0.000975 0.138671875 0.059568750000000004 0.138671875 0.109375 0.12207187500000001
0 0.16796875 0.368165625 0.157225 0.369140625 0.04394375 0.478515625 0.057615625000000004 0.486328125 0.064453125 0.46777499999999994 0.092771875 0.453125 0.109375 0.42480624999999994 0.16796875 0.368165625
0 0.03125 0.5478531249999999 0.05859375 0.5107437499999999 0.055662500000000004 0.494140625 0.009765625 0.5478531249999999 0.009765625 0.5732437499999999 0 0.5810562499999999 0.000975 0.625 0.00390625 0.5888687499999999 0.02734375 0.5673843749999999 0.03125 0.5478531249999999
0 0.48828125 0.32715 0.50390625 0.309571875 0.5029281250000001 0.21875 0.46972500000000006 0.4375 0.4921875 0.379884375 0.48828125 0.32715
0 0.24609375 0.18261875 0.26171875 0.196290625 0.264646875 0.2578125 0.279296875 0.227540625 0.26953125 0.172853125 0.296875 0.157228125 0.272459375 0.15625 0.241209375 0.13671875 0.233396875 0.14453125 0.244140625 0.153321875 0.24609375 0.18261875
0 0.313475 0.16015625 0.331053125 0.162109375 0.42870937500000006 0.1328125 0.49511562500000006 0.15234375 0.5478500000000001 0.15625 0.5400375000000001 0.1875 0.578125 0.137696875 0.5361312500000001 0.14453125 0.44824062500000006 0.125 0.40331875000000006 0.125 0.385740625 0.140625 0.350584375 0.142578125 0.313475 0.16015625
0 0.26171875 0.368165625 0.26953125 0.333009375 0.264646875 0.296875 0.24706875 0.2890625 0.241209375 0.3125 0.221678125 0.3125 0.188475 0.330078125 0.17285 0.365234375 0.22363125 0.326171875 0.24706875 0.322265625 0.259765625 0.336915625 0.25 0.34668125 0.25 0.3818375 0.287109375 0.42285312499999994 0.2890625 0.45214999999999994 0.328125 0.5009781249999999 0.318359375 0.5283218749999999 0.345703125 0.5205093749999999 0.296875 0.41113437499999994 0.26171875 0.368165625
0 0.123046875 0.149415625 0.10839687499999999 0.16796875 0.1494125 0.16796875 0.19238125 0.142578125 0.23046875 0.14355625 0.21875 0.133790625 0.21875 0.083009375 0.205078125 0.0693375 0.206053125 0 0.18359375 0.000978125 0.1875 0.12793125 0.143553125 0.1328125 0.125975 0.125 0.123046875 0.149415625
0 0.315428125 0.55078125 0.30956875 0.564453125 0.280271875 0.576171875 0.174803125 0.578125 0.131834375 0.591796875 0.29394375 0.5859375 0.323240625 0.568359375 0.362303125 0.580078125 0.44433437500000006 0.55859375 0.45703125 0.5439468749999999 0.44921875 0.5107437499999999 0.43066250000000006 0.48828125 0.4140625 0.5087906249999999 0.42480312500000006 0.552734375 0.34863125 0.55859375 0.342771875 0.55078125 0.315428125 0.55078125