0 0.650390625 0.094728125 0.6474593750000001 0.05078125 0.634765625 0.063478125 0.64453125 0.094728125 0.650390625 0.094728125
0 0.796875 0.9990249999999999 0.7958968750000001 0.947265625 0.78125 0.9716812499999999 0.779296875 0.9990249999999999 0.796875 0.9990249999999999
0 0.39550625 0.62109375 0.37109375 0.6181656249999999 0.42480312500000006 0.681640625 0.48046875 0.7060562499999999 0.46386562500000006 0.650390625 0.45019375000000006 0.666015625 0.42480312500000006 0.66796875 0.39550625 0.62109375
0 0.515625 0.8193374999999999 0.515625 0.9033218749999999 0.525390625 0.9169937499999999 0.51953125 0.9990249999999999 0.529296875 0.9951187499999999 0.529296875 0.9658218749999999 0.541015625 0.9443374999999999 0.5234375 0.8349624999999999 0.5322250000000001 0.81640625 0.703125 0.8173843749999999 0.6748031250000001 0.814453125 0.6552718750000001 0.798828125 0.5380843750000001 0.802734375 0.5087875000000001 0.78515625 0.5009750000000001 0.767578125 0.4921875 0.7958999999999999 0.515625 0.8193374999999999
0 0.7236312500000001 0.80859375 0.7802718750000001 0.806640625 0.7890625 0.8134781249999999 0.80078125 0.8935562499999999 0.80078125 0.8115249999999999 0.845703125 0.7861343749999999 0.7626937500000001 0.787109375 0.75 0.7587906249999999 0.724609375 0.7431656249999999 0.689453125 0.6884781249999999 0.677734375 0.5849624999999999 0.6640625 0.5712906249999999 0.650390625 0.5244156249999999 0.6298812500000001 0.515625 0.62109375 0.5302749999999999 0.6396468750000001 0.53515625 0.6484375 0.5478531249999999 0.6875 0.7353531249999999 0.71875 0.7685562499999999 0.7236312500000001 0.80859375
0 0.3837875 0.515625 0.37890625 0.5283218749999999 0.42285000000000006 0.53515625 0.4375 0.5498062499999999 0.5009750000000001 0.5390625 0.5712875000000001 0.513671875 0.576171875 0.5048843749999999 0.5693343750000001 0.498046875 0.5537093750000001 0.509765625 0.5185531250000001 0.50390625 0.48730312500000006 0.517578125 0.45800625000000006 0.517578125 0.44824062500000006 0.529296875 0.421875 0.5126968749999999 0.390625 0.37011875 0.365234375 0.336915625 0.361328125 0.24511875 0.337890625 0.172853125 0.326171875 0.06543125 0.310546875 0.0693375 0.3203125 0.10840000000000001 0.313475 0.125 0.295896875 0.109375 0.25488125 0.109375 0.241209375 0.1328125 0.21581875 0.134765625 0.1962875 0.08984375 0.19921875 0.12011875000000001 0.224609375 0.172853125 0.2265625 0.2334 0.240234375 0.26465 0.25390625 0.352540625 0.25390625 0.391603125 0.23828125 0.41894687499999994 0.244140625 0.5068374999999999 0.267578125 0.5166031249999999 0.25 0.48144687499999994 0.25 0.43847812499999994 0.265625 0.375978125 0.283203125 0.3662125 0.28515625 0.3505875 0.25390625 0.290040625 0.25 0.249025 0.236328125 0.23730625 0.2265625 0.15136875 0.307615625 0.14453125 0.330078125 0.161134375 0.34765625 0.22168125 0.353515625 0.333009375 0.287109375 0.35449375 0.32519375 0.365234375 0.34081875 0.34765625 0.3525375 0.34765625 0.376953125 0.372071875 0.38671875 0.46582187499999994 0.40234375 0.48925937499999994 0.400390625 0.5107437499999999 0.3837875 0.515625
0 1 0.7431656249999999 0.974609375 0.7099624999999999 0.974609375 0.6396499999999999 0.962890625 0.6181656249999999 0.962890625 0.5693374999999999 0.978515625 0.5478531249999999 0.9443343750000001 0.546875 0.9208968750000001 0.525390625 0.89453125 0.5244156249999999 0.90234375 0.46386874999999994 0.951171875 0.42285312499999994 0.9287093750000001 0.416015625 0.8935531250000001 0.44921875 0.869140625 0.45019687499999994 0.8828125 0.39355625 0.9072250000000001 0.361328125 0.9287093750000001 0.359375 0.9375 0.38574375 0.931640625 0.344728125 0.953125 0.311525 0.953125 0.192384375 0.94140625 0.297853125 0.8984375 0.344728125 0.8564437500000001 0.435546875 0.8115218750000001 0.44140625 0.8017562500000001 0.451171875 0.7607406250000001 0.44140625 0.7001937500000001 0.458984375 0.6611312500000001 0.443359375 0.6396468750000001 0.453125 0.6220687500000001 0.48046875 0.6064437500000001 0.486328125 0.599609375 0.41308749999999994 0.611328125 0.38965 0.615234375 0.317384375 0.65234375 0.243165625 0.6455062500000001 0.107421875 0.638671875 0.12011875000000001 0.64453125 0.22949375 0.60546875 0.29199375 0.6015625 0.352540625 0.5859375 0.40527499999999994 0.59375 0.5029312499999999 0.6337875000000001 0.49609375 0.6474593750000001 0.470703125 0.7236312500000001 0.484375 0.7529281250000001 0.46484375 0.8486312500000001 0.462890625 0.86328125 0.45605624999999994 0.880859375 0.5712906249999999 0.888671875 0.5751968749999999 0.8994125000000001 0.546875 0.9130843750000001 0.546875 0.931640625 0.5791031249999999 0.9091781250000001 0.630859375 0.8828125 0.5908218749999999 0.890625 0.6298843749999999 0.908203125 0.6337906249999999 0.90234375 0.6689468749999999 0.9404281250000001 0.669921875 0.955078125 0.6826187499999999 0.9609375 0.7158218749999999 0.9267562500000001 0.751953125 0.9033187500000001 0.75390625 0.859375 0.7939468749999999 0.8759750000000001 0.794921875 0.9287093750000001 0.763671875 1 0.7587906249999999 1 0.7431656249999999
0 0.994140625 0.301759375 1 0.293946875 0.9814437500000001 0.283203125 0.994140625 0.301759375
0 1 0.13965 0.9853500000000001 0.140625 0.984375 0.157228125 0.99609375 0.16699375 1 0.13965
0 0.276365625 0.544921875 0.2734375 0.5595718749999999 0.2890625 0.5869156249999999 0.296875 0.6298843749999999 0.314453125 0.5791031249999999 0.276365625 0.544921875
0 0.29785 0.646484375 0.291015625 0.6845718749999999 0.310546875 0.7353531249999999 0.318359375 0.8017593749999999 0.328125 0.7822281249999999 0.328125 0.7529312499999999 0.30078125 0.6845718749999999 0.29785 0.646484375
0 0.27734375 0.8369156249999999 0.28515625 0.8603531249999999 0.283203125 0.9365249999999999 0.294921875 0.9833999999999999 0.298828125 0.9130874999999999 0.28613125 0.8125 0.27734375 0.8369156249999999
0 0.9521468750000001 0.189453125 0.94140625 0.29980625 0.8984375 0.34668125 0.876953125 0.391603125 0.921875 0.35449375 0.939453125 0.3193375 0.953125 0.311525 0.9521468750000001 0.189453125
0 0.939453125 0.061524999999999996 0.916015625 0.012696875 0.958984375 0.11425937500000001 0.953125 0.17480625 0.962890625 0.161134375 0.970703125 0.11230625000000001 1 0.090821875 0.9990218750000001 0.0078125 0.98828125 0.008790625 0.98828125 0.061524999999999996 0.9716781250000001 0.095703125 0.9609375 0.092775 0.939453125 0.061524999999999996
0 0.2265625 0.8916031249999999 0.248046875 0.9345718749999999 0.2421875 0.9814468749999999 0.25 0.9931656249999999 0.259765625 0.9287124999999999 0.240234375 0.8857437499999999 0.25 0.8681656249999999 0.216796875 0.8427749999999999 0.19921875 0.7841812499999999 0.16015625 0.7412124999999999 0.154296875 0.7197281249999999 0.12890625 0.6884781249999999 0.12109375 0.6572281249999999 0.099609375 0.6337906249999999 0.096678125 0.53125 0.087890625 0.6220718749999999 0.09765625 0.6533218749999999 0.130859375 0.7333999999999999 0.1484375 0.7392593749999999 0.20703125 0.8564468749999999 0.2265625 0.8681656249999999 0.2265625 0.8916031249999999
0 0.000975 0.49609375 0.0791 0.49609375 0.10058437499999999 0.529296875 0.134765625 0.5419937499999999 0.1494125 0.54296875 0.194334375 0.517578125 0.265625 0.5166031249999999 0.25 0.46191562499999994 0.265625 0.37793125 0.28613125 0.359375 0.306640625 0.356446875 0.303709375 0.34765625 0.283203125 0.34668125 0.251953125 0.28418125 0.25 0.247071875 0.236328125 0.2334 0.228515625 0.153321875 0.237303125 0.142578125 0.32519375 0.142578125 0.328125 0.12402500000000001 0.30956875 0.125 0.295896875 0.109375 0.252928125 0.109375 0.241209375 0.1328125 0.217771875 0.134765625 0.186521875 0.0546875 0.193359375 0.10840000000000001 0.21875 0.153321875 0.228515625 0.249025 0.23828125 0.26465 0.251953125 0.348634375 0.251953125 0.387696875 0.236328125 0.41894687499999994 0.23828125 0.49121249999999994 0.155271875 0.505859375 0.1337875 0.4609375 0.10839687499999999 0.47265625 0.051756250000000004 0.470703125 0.026365624999999997 0.484375 0 0.48535312499999994 0.000975 0.49609375