0 0.25 0.8251968749999999 0.25390625 0.8076187499999999 0.2431625 0.78515625 0.25 0.8251968749999999
0 0.919921875 0.9052749999999999 0.9189437500000001 0.876953125 0.892578125 0.9541031249999999 0.892578125 0.9990249999999999 0.900390625 0.9990249999999999 0.8984375 0.9560562499999999 0.919921875 0.9052749999999999
0 0.37890625 0.03418125 0.369140625 0.000978125 0.36035 0 0.375 0.12011875000000001 0.37890625 0.03418125
0 0.919921875 0.7470718749999999 0.92578125 0.6533218749999999 0.9052718750000001 0.583984375 0.919921875 0.7470718749999999
0 0.096678125 0.484375 0.0859375 0.48925937499999994 0.068359375 0.5283218749999999 0.0625 0.5751968749999999 0.087890625 0.5224624999999999 0.119140625 0.5107437499999999 0.096678125 0.484375
0 0.314453125 0.8544937499999999 0.31738125 0.833984375 0.25390625 0.8349624999999999 0.255859375 0.9990249999999999 0.26171875 0.9990249999999999 0.26171875 0.9482437499999999 0.275390625 0.8896499999999999 0.2900375 0.861328125 0.314453125 0.8544937499999999
0 0.155271875 0.541015625 0.232421875 0.5380874999999999 0.224609375 0.6728531249999999 0.23828125 0.7763687499999999 0.2431625 0.494140625 0.202146875 0.517578125 0.15234375 0.5205093749999999 0.155271875 0.541015625
0 0.09765625 0.8251968749999999 0.09765625 0.8603531249999999 0.08203125 0.8994156249999999 0.083984375 0.9990249999999999 0.11328125 0.9990249999999999 0.107421875 0.9306656249999999 0.123046875 0.8837906249999999 0.123046875 0.8427749999999999 0.11328125 0.7724624999999999 0.06640625 0.6650406249999999 0.059568750000000004 0.60546875 0.056640625 0.6689468749999999 0.08203125 0.7373062499999999 0.09765625 0.8251968749999999
0 0.67578125 0.004884375 0.681640625 0.141603125 0.7109375 0.165040625 0.720703125 0.301759375 0.724609375 0.239259375 0.74609375 0.186525 0.74609375 0.055665624999999996 0.7734375 0.0380875 0.7802718750000001 0 0.7353500000000001 0.03125 0.7158187500000001 0.029296875 0.7001937500000001 0 0.67578125 0.004884375
0 0.19140625 0.13574375 0.171875 0.188478125 0.171875 0.250978125 0.228515625 0.45019687499999994 0.2421875 0.44824374999999994 0.2734375 0.374025 0.296875 0.3505875 0.306640625 0.321290625 0.330078125 0.29199375 0.361328125 0.204103125 0.365234375 0.16699375 0.328125 0.200196875 0.294921875 0.321290625 0.2578125 0.40136874999999994 0.233396875 0.419921875 0.21484375 0.387696875 0.21875 0.262696875 0.193359375 0.22949375 0.18359375 0.196290625 0.23828125 0.00293125 0.2041 0 0.19140625 0.13574375
0 0.7421875 0.49707187499999994 0.75390625 0.5478531249999999 0.763671875 0.7041031249999999 0.765625 0.9990249999999999 0.79296875 0.9990249999999999 0.783203125 0.7802749999999999 0.79296875 0.5869156249999999 0.76953125 0.45214999999999994 0.7216781250000001 0.33984375 0.71484375 0.45019687499999994 0.7421875 0.49707187499999994
0 0.389646875 0.90234375 0.41894375000000006 0.91015625 0.451171875 0.9345718749999999 0.46875 0.9990249999999999 0.48730312500000006 1 0.49511562500000006 0.986328125 0.5341781250000001 0.962890625 0.5576156250000001 0.962890625 0.56640625 0.9990249999999999 0.5908187500000001 1 0.58203125 0.9677749999999999 0.6044906250000001 0.939453125 0.626953125 0.9267593749999999 0.619140625 0.8759781249999999 0.583984375 0.8251968749999999 0.572265625 0.7880874999999999 0.5859375 0.6533218749999999 0.548828125 0.47363437499999994 0.548828125 0.344728125 0.556640625 0.31543125 0.65625 0.15136875 0.66015625 0.1318375 0.640625 0.1318375 0.59765625 0.223634375 0.5625 0.2568375 0.546875 0.280275 0.54296875 0.305665625 0.5322250000000001 0.310546875 0.5234375 0.29980625 0.5263656250000001 0 0.509765625 0.00293125 0.51171875 0.06543125 0.5048812500000001 0.0859375 0.42675625000000006 0.09765625 0.39453125 0.1318375 0.45410000000000006 0.109375 0.48339687500000006 0.109375 0.498046875 0.1474625 0.513671875 0.3349625 0.515625 0.5087906249999999 0.560546875 0.6787124999999999 0.5703125 0.8349624999999999 0.591796875 0.8798843749999999 0.591796875 0.9228531249999999 0.580078125 0.9599624999999999 0.5693343750000001 0.958984375 0.5498031250000001 0.9375 0.5126937500000001 0.935546875 0.47167812500000006 0.9140625 0.39550625 0.859375 0.362303125 0.84765625 0.341796875 0.8505874999999999 0.389646875 0.90234375