0 0.000975 0.392578125 0 0.41699062500000006 0.01269375 0.416015625 0.000975 0.392578125
0 0.028318749999999997 0.578125 0.000975 0.578125 0.000975 0.609375 0.0625 0.5947250000000001 0.028318749999999997 0.578125
0 0.155271875 0.908203125 0.17675625 0.927734375 0.21581875 0.927734375 0.20703125 0.9248031250000001 0.26171875 0.9072250000000001 0.155271875 0.908203125
0 0.0791 0.4296875 0.000975 0.4296875 0.000975 0.453125 0.091796875 0.43652187500000006 0.0791 0.4296875
0 0.47753750000000006 0.171875 0.5068343750000001 0.171875 0.5458968750000001 0.150390625 0.5537093750000001 0.13671875 0.5732406250000001 0.142578125 0.576171875 0.12011562499999999 0.5517562500000001 0.123046875 0.5087875000000001 0.14453125 0.47753750000000006 0.171875
0 0.2431625 0.4375 0.29785 0.46484375 0.41308437500000006 0.462890625 0.490234375 0.44042812500000006 0.327146875 0.4453125 0.2431625 0.4375
0 0.966796875 0.6083968750000001 0.9013656250000001 0.68359375 0.904296875 0.7080062500000001 0.9248031250000001 0.716796875 0.9384750000000001 0.685546875 0.99609375 0.6474593750000001 0.9990218750000001 0.56640625 0.97265625 0.5712875000000001 0.966796875 0.6083968750000001
0 0.8779281250000001 0.4375 0.7783187500000001 0.431640625 0.755859375 0.44238125000000006 0.740234375 0.47363125000000006 0.7041000000000001 0.5078125 0.6220687500000001 0.546875 0.44042812500000006 0.546875 0.313475 0.568359375 0.342771875 0.5703125 0.41699062500000006 0.5546875 0.5849593750000001 0.548828125 0.7861312500000001 0.564453125 0.72265625 0.5380843750000001 0.72265625 0.5244125000000001 0.7490218750000001 0.51171875 0.7841781250000001 0.47265625 0.8115218750000001 0.462890625 0.8896468750000001 0.462890625 0.9716781250000001 0.47265625 0.9990218750000001 0.484375 1 0.46972500000000006 0.9208968750000001 0.45703125 0.8779281250000001 0.4375
0 0.6064437500000001 0 0.6103500000000001 0.013671875 0.6904281250000001 0.078125 0.7919906250000001 0.103515625 0.865234375 0.1337875 0.865234375 0.20019375 0.837890625 0.23144375 0.8388656250000001 0.2421875 0.9248031250000001 0.26171875 1 0.2587875 0.8974593750000001 0.21875 0.87890625 0.198240625 0.87890625 0.151365625 0.8876937500000001 0.126953125 0.9443343750000001 0.12890625 0.9990218750000001 0.11328125 0.9990218750000001 0.087890625 0.9033187500000001 0.103515625 0.8369125000000001 0.09765625 0.7119125000000001 0.064453125 0.6806625000000001 0.048828125 0.6240218750000001 0 0.6064437500000001 0
0 0.0390625 0.252928125 0.06738125 0.2265625 0.08300625 0.22265625 0.10253749999999999 0.197265625 0.23144375 0.197265625 0.28613125 0.171875 0.390625 0.16894375 0.2666 0.16796875 0.23535 0.171875 0.20800625 0.1875 0.127928125 0.166015625 0.000975 0.171875 0.000975 0.19140625 0.05078125 0.1962875 0.029296875 0.229490625 0 0.252928125 0.002928125 0.2890625 0.307615625 0.265625 0.3837875 0.255859375 0.44824062500000006 0.236328125 0.7177718750000001 0.234375 0.75390625 0.225584375 0.385740625 0.224609375 0.233396875 0.259765625 0.125975 0.267578125 0.049803125 0.26171875 0.0390625 0.252928125
0 0.9990218750000001 0.8984375 0.9970687500000001 0.892578125 0.8876937500000001 0.892578125 0.87890625 0.8876937500000001 0.87890625 0.8681625000000001 0.900390625 0.8291000000000001 0.8916000000000001 0.77734375 0.9541000000000001 0.771484375 0.9697250000000001 0.7890625 0.9970687500000001 0.79296875 1 0.7666000000000001 0.8486312500000001 0.759765625 0.822265625 0.7783187500000001 0.818359375 0.7939437500000001 0.7861312500000001 0.830078125 0.7333968750000001 0.85546875 0.6318343750000001 0.869140625 0.5185531250000001 0.8984375 0.3994125 0.904296875 0.5673812500000001 0.908203125 0.5888656250000001 0.916015625 0.6201156250000001 0.947265625 0.6689437500000001 0.95703125 0.6455062500000001 0.9296875 0.623046875 0.9189437500000001 0.6220687500000001 0.908203125 0.6767562500000001 0.890625 0.8427718750000001 0.8671875 0.869140625 0.8740218750000001 0.8544906250000001 0.890625 0.7822250000000001 0.91015625 0.755859375 0.9345687500000001 0.8662093750000001 0.908203125 0.9990218750000001 0.8984375