0 0.7568374999999999 0.78515625 0.74609375 0.8076187499999999 0.75 0.8251968749999999 0.7568374999999999 0.78515625
0 0.1015625 0.9560562499999999 0.099609375 0.9990249999999999 0.107421875 0.9990249999999999 0.107421875 0.9541031249999999 0.08105625 0.876953125 0.080078125 0.9052749999999999 0.1015625 0.9560562499999999
0 0.630859375 0.000978125 0.62109375 0.03418125 0.625 0.12011875000000001 0.6396499999999999 0 0.630859375 0.000978125
0 0.094728125 0.583984375 0.07421875 0.6533218749999999 0.080078125 0.7470718749999999 0.094728125 0.583984375
0 0.880859375 0.5107437499999999 0.912109375 0.5224624999999999 0.9375 0.5751968749999999 0.931640625 0.5283218749999999 0.9140625 0.48925937499999994 0.9033218749999999 0.484375 0.880859375 0.5107437499999999
0 0.6826187499999999 0.833984375 0.685546875 0.8544937499999999 0.7099624999999999 0.861328125 0.724609375 0.8896499999999999 0.73828125 0.9482437499999999 0.73828125 0.9990249999999999 0.744140625 0.9990249999999999 0.74609375 0.8349624999999999 0.6826187499999999 0.833984375
0 0.8447281249999999 0.541015625 0.84765625 0.5205093749999999 0.7978531249999999 0.517578125 0.7568374999999999 0.494140625 0.76171875 0.7763687499999999 0.775390625 0.6728531249999999 0.767578125 0.5380874999999999 0.8447281249999999 0.541015625
0 0.876953125 0.8837906249999999 0.892578125 0.9306656249999999 0.88671875 0.9990249999999999 0.916015625 0.9990249999999999 0.91796875 0.8994156249999999 0.90234375 0.8603531249999999 0.90234375 0.8251968749999999 0.91796875 0.7373062499999999 0.943359375 0.6689468749999999 0.9404312499999999 0.60546875 0.93359375 0.6650406249999999 0.88671875 0.7724624999999999 0.876953125 0.8427749999999999 0.876953125 0.8837906249999999
0 0.25390625 0.186525 0.275390625 0.239259375 0.279296875 0.301759375 0.2890625 0.165040625 0.318359375 0.141603125 0.32421875 0.004884375 0.29980625 0 0.28418125 0.029296875 0.26465 0.03125 0.219728125 0 0.2265625 0.0380875 0.25390625 0.055665624999999996 0.25390625 0.186525
0 0.7666031249999999 0.419921875 0.7421875 0.40136874999999994 0.705078125 0.321290625 0.671875 0.200196875 0.634765625 0.16699375 0.638671875 0.204103125 0.669921875 0.29199375 0.693359375 0.321290625 0.703125 0.3505875 0.7265625 0.374025 0.7578125 0.44824374999999994 0.771484375 0.45019687499999994 0.828125 0.250978125 0.828125 0.188478125 0.80859375 0.13574375 0.7958999999999999 0 0.76171875 0.00293125 0.81640625 0.196290625 0.806640625 0.22949375 0.78125 0.262696875 0.78515625 0.387696875 0.7666031249999999 0.419921875
0 0.234375 0.9990249999999999 0.236328125 0.7041031249999999 0.24609375 0.5478531249999999 0.2578125 0.49707187499999994 0.28515625 0.45019687499999994 0.278321875 0.33984375 0.23046875 0.45214999999999994 0.20703125 0.5869156249999999 0.216796875 0.7802749999999999 0.20703125 0.9990249999999999 0.234375 0.9990249999999999
0 0.43066562499999994 0.958984375 0.419921875 0.9599624999999999 0.408203125 0.9228531249999999 0.408203125 0.8798843749999999 0.4296875 0.8349624999999999 0.439453125 0.6787124999999999 0.484375 0.5087906249999999 0.486328125 0.3349625 0.501953125 0.1474625 0.5166031249999999 0.109375 0.5458999999999999 0.109375 0.60546875 0.1318375 0.5732437499999999 0.09765625 0.49511874999999994 0.0859375 0.48828125 0.06543125 0.490234375 0.00293125 0.47363437499999994 0 0.4765625 0.29980625 0.46777499999999994 0.310546875 0.45703125 0.305665625 0.453125 0.280275 0.4375 0.2568375 0.40234375 0.223634375 0.359375 0.1318375 0.33984375 0.1318375 0.34375 0.15136875 0.443359375 0.31543125 0.451171875 0.344728125 0.451171875 0.47363437499999994 0.4140625 0.6533218749999999 0.427734375 0.7880874999999999 0.416015625 0.8251968749999999 0.380859375 0.8759781249999999 0.373046875 0.9267593749999999 0.395509375 0.939453125 0.41796875 0.9677749999999999 0.40918124999999994 1 0.43359375 0.9990249999999999 0.44238437499999994 0.962890625 0.46582187499999994 0.962890625 0.5048843749999999 0.986328125 0.5126968749999999 1 0.53125 0.9990249999999999 0.548828125 0.9345718749999999 0.5810562499999999 0.91015625 0.6103531249999999 0.90234375 0.658203125 0.8505874999999999 0.6376968749999999 0.84765625 0.6044937499999999 0.859375 0.5283218749999999 0.9140625 0.48730624999999994 0.935546875 0.45019687499999994 0.9375 0.43066562499999994 0.958984375