0 0.9873062499999999 0.416015625 1 0.41699062500000006 0.9990249999999999 0.392578125 0.9873062499999999 0.416015625
0 0.9375 0.5947250000000001 0.9990249999999999 0.609375 0.9990249999999999 0.578125 0.9716812499999999 0.578125 0.9375 0.5947250000000001
0 0.7841812499999999 0.927734375 0.8232437499999999 0.927734375 0.8447281249999999 0.908203125 0.73828125 0.9072250000000001 0.79296875 0.9248031250000001 0.7841812499999999 0.927734375
0 0.908203125 0.43652187500000006 0.9990249999999999 0.453125 0.9990249999999999 0.4296875 0.9208999999999999 0.4296875 0.908203125 0.43652187500000006
0 0.44629062499999994 0.13671875 0.45410312499999994 0.150390625 0.49316562499999994 0.171875 0.5224624999999999 0.171875 0.49121249999999994 0.14453125 0.44824374999999994 0.123046875 0.423828125 0.12011562499999999 0.42675937499999994 0.142578125 0.44629062499999994 0.13671875
0 0.5869156249999999 0.462890625 0.7021499999999999 0.46484375 0.7568374999999999 0.4375 0.6728531249999999 0.4453125 0.509765625 0.44042812500000006 0.5869156249999999 0.462890625
0 0.075196875 0.716796875 0.095703125 0.7080062500000001 0.098634375 0.68359375 0.033203125 0.6083968750000001 0.02734375 0.5712875000000001 0.000978125 0.56640625 0.00390625 0.6474593750000001 0.061524999999999996 0.685546875 0.075196875 0.716796875
0 0.5830093749999999 0.5546875 0.6572281249999999 0.5703125 0.6865249999999999 0.568359375 0.5595718749999999 0.546875 0.37793125 0.546875 0.2959 0.5078125 0.259765625 0.47363125000000006 0.244140625 0.44238125000000006 0.22168125 0.431640625 0.12207187500000001 0.4375 0.079103125 0.45703125 0 0.46972500000000006 0.000978125 0.484375 0.028321875000000003 0.47265625 0.11035312500000001 0.462890625 0.188478125 0.462890625 0.215821875 0.47265625 0.250978125 0.51171875 0.27734375 0.5244125000000001 0.27734375 0.5380843750000001 0.21386875 0.564453125 0.41504062499999994 0.548828125 0.5830093749999999 0.5546875
0 0.375978125 0 0.3193375 0.048828125 0.2880875 0.064453125 0.1630875 0.09765625 0.09668125 0.103515625 0.000978125 0.087890625 0.000978125 0.11328125 0.055665624999999996 0.12890625 0.11230625000000001 0.126953125 0.12109375 0.151365625 0.12109375 0.198240625 0.10254062500000001 0.21875 0 0.2587875 0.075196875 0.26171875 0.161134375 0.2421875 0.162109375 0.23144375 0.134765625 0.20019375 0.134765625 0.1337875 0.208009375 0.103515625 0.309571875 0.078125 0.38965 0.013671875 0.39355625 0 0.375978125 0
0 0.94921875 0.1962875 0.9990249999999999 0.19140625 0.9990249999999999 0.171875 0.8720718749999999 0.166015625 0.7919937499999999 0.1875 0.7646499999999999 0.171875 0.7333999999999999 0.16796875 0.609375 0.16894375 0.7138687499999999 0.171875 0.7685562499999999 0.197265625 0.8974624999999999 0.197265625 0.9169937499999999 0.22265625 0.9326187499999999 0.2265625 0.9609375 0.252928125 0.9501968749999999 0.26171875 0.8740249999999999 0.267578125 0.7666031249999999 0.259765625 0.6142593749999999 0.224609375 0.24609375 0.225584375 0.282228125 0.234375 0.5517593749999999 0.236328125 0.6162124999999999 0.255859375 0.6923843749999999 0.265625 0.9970718749999999 0.2890625 1 0.252928125 0.970703125 0.229490625 0.94921875 0.1962875
0 0.41113437499999994 0.916015625 0.43261874999999994 0.908203125 0.6005874999999999 0.904296875 0.48144687499999994 0.8984375 0.368165625 0.869140625 0.266603125 0.85546875 0.21386875 0.830078125 0.181640625 0.7939437500000001 0.177734375 0.7783187500000001 0.15136875 0.759765625 0 0.7666000000000001 0.00293125 0.79296875 0.030275000000000003 0.7890625 0.0459 0.771484375 0.10840000000000001 0.77734375 0.099609375 0.8291000000000001 0.12109375 0.8681625000000001 0.12109375 0.8876937500000001 0.11230625000000001 0.892578125 0.00293125 0.892578125 0.000978125 0.8984375 0.133790625 0.908203125 0.244140625 0.9345687500000001 0.217775 0.91015625 0.145509375 0.890625 0.130859375 0.8740218750000001 0.157228125 0.8671875 0.32324375 0.890625 0.37793125 0.908203125 0.376953125 0.9189437500000001 0.35449375 0.9296875 0.33105625 0.95703125 0.379884375 0.947265625 0.41113437499999994 0.916015625