0 0.3125 0.8369156249999999 0.27636875 0.833984375 0.279296875 0.8271499999999999 0.215821875 0.7578125 0.212890625 0.7744156249999999 0.234375 0.7978531249999999 0.23046875 0.8056656249999999 0.248046875 0.8291031249999999 0.251953125 0.8564468749999999 0.28418125 0.837890625 0.3125 0.8369156249999999
0 0.075196875 0.51171875 0.0459 0.51171875 0.015625 0.5244156249999999 0.032228125 0.564453125 0.09375 0.5634781249999999 0.098634375 0.544921875 0.150390625 0.5419937499999999 0.09668125 0.541015625 0.075196875 0.51171875
0 0.345703125 0.8779312499999999 0.302734375 0.9951187499999999 0.32421875 0.9990249999999999 0.36328125 0.8759781249999999 0.4375 0.7802749999999999 0.40136874999999994 0.779296875 0.375 0.7998062499999999 0.35449375 0.833984375 0.282228125 0.826171875 0.176759375 0.69921875 0.21484375 0.7861343749999999 0.24609375 0.8291031249999999 0.24609375 0.8583999999999999 0.29199375 0.83984375 0.345703125 0.8779312499999999
0 0.298828125 0.5146499999999999 0.28515625 0.46777499999999994 0.2890625 0.43457187499999994 0.280275 0.43359375 0.189453125 0.5107437499999999 0.2334 0.486328125 0.254884375 0.48828125 0.3046875 0.5673843749999999 0.36328125 0.6181656249999999 0.37109375 0.6865249999999999 0.421875 0.7041031249999999 0.443359375 0.7275406249999999 0.439453125 0.7802749999999999 0.4609375 0.7822281249999999 0.47168124999999994 0.771484375 0.5087906249999999 0.765625 0.5390625 0.7353531249999999 0.5263687499999999 0.732421875 0.49316562499999994 0.689453125 0.43359375 0.6865249999999999 0.40234375 0.6240249999999999 0.37109375 0.5927749999999999 0.361328125 0.47168124999999994 0.353515625 0.5458999999999999 0.333009375 0.55859375 0.298828125 0.5146499999999999
0 0.47754062499999994 0.1953125 0.45214999999999994 0.197265625 0.41699374999999994 0.232421875 0.391603125 0.21875 0.3671875 0.18261875 0.373046875 0.090821875 0.3671875 0.0459 0.341796875 0.09668125 0.341796875 0.176759375 0.35546875 0.196290625 0.361328125 0.243165625 0.33984375 0.2959 0.298828125 0.309571875 0.318359375 0.360353125 0.29296875 0.41113437499999994 0.297853125 0.427734375 0.317384375 0.431640625 0.32715 0.451171875 0.357421875 0.46777499999999994 0.345703125 0.42480624999999994 0.3515625 0.33105625 0.392578125 0.2959 0.40918124999999994 0.26953125 0.5146499999999999 0.201171875 0.556640625 0.161134375 0.595703125 0.10058750000000001 0.6455093749999999 0.06640625 0.6591812499999999 0.044921875 0.6025406249999999 0.0859375 0.5302749999999999 0.169921875 0.47754062499999994 0.1953125
0 0.908203125 0.321290625 0.9462906249999999 0.181640625 0.919921875 0.22949375 0.908203125 0.321290625
0 0.490234375 0.9990249999999999 0.4765625 0.9091812499999999 0.46386874999999994 0.8828125 0.47265625 0.9990249999999999 0.490234375 0.9990249999999999
0 0.7734375 0.6533218749999999 0.828125 0.5087906249999999 0.8271499999999999 0.44921875 0.7734375 0.6533218749999999
0 1 0.1709 0.982421875 0.12011875000000001 0.99609375 0.07715 0.9892593749999999 0.02734375 0.978515625 0.057618749999999996 0.984375 0.07324375 0.9794937499999999 0.06640625 0.96484375 0.10644687500000001 0.98046875 0.10254062500000001 0.98046875 0.145509375 0.98828125 0.149415625 0.990234375 0.1709 0.962890625 0.17480625 0.97265625 0.204103125 1 0.22168125 1 0.1709
0 0.9140625 0.5341812499999999 0.87890625 0.49316562499999994 0.8779312499999999 0.41796875 0.87109375 0.49707187499999994 0.896484375 0.5576187499999999 0.9287124999999999 0.615234375 1 0.6416031249999999 0.9990249999999999 0.62109375 0.953125 0.6162124999999999 0.9140625 0.5341812499999999
0 0.71875 0.7705093749999999 0.7421875 0.7255874999999999 0.7548843749999999 0.673828125 0.7236343749999999 0.734375 0.7060562499999999 0.72265625 0.5888687499999999 0.72265625 0.541015625 0.7353531249999999 0.6591812499999999 0.73828125 0.6943374999999999 0.75 0.708984375 0.7744156249999999 0.703125 0.8876968749999999 0.71875 0.7705093749999999
0 0.796875 0.9990249999999999 0.7705093749999999 0.970703125 0.7509781249999999 0.96875 0.71484375 0.9169937499999999 0.6826187499999999 0.89453125 0.6728531249999999 0.89453125 0.658203125 0.9189468749999999 0.630859375 0.9931656249999999 0.6416031249999999 1 0.662109375 0.9580093749999999 0.7080093749999999 0.927734375 0.7607437499999999 1 0.796875 0.9990249999999999