0 0.763671875 0.08105625 0.771484375 0.079103125 0.7666000000000001 0.072265625 0.71875 0.053712499999999996 0.7216781250000001 0.064453125 0.763671875 0.08105625
0 0.783203125 0.45410312499999994 0.7890625 0.45214999999999994 0.751953125 0.42285312499999994 0.7646468750000001 0.41015625 0.73046875 0.41504062499999994 0.783203125 0.45410312499999994
0 0.228515625 0.48339999999999994 0.26953125 0.49511874999999994 0.2744125 0.486328125 0.330078125 0.47558749999999994 0.228515625 0.48339999999999994
0 0.4296875 0.094728125 0.42089687500000006 0.078125 0.385740625 0.068359375 0.361328125 0.0459 0.381834375 0.07421875 0.4296875 0.094728125
0 0.0546875 0.204103125 0.0546875 0.2255875 0.0859375 0.21386875 0.065428125 0.189453125 0.032225 0.18359375 0.000975 0.16015625 0 0.1709 0.018553125 0.19140625 0.0546875 0.204103125
0 0.771484375 0.8896499999999999 0.80859375 0.9228531249999999 0.8125 0.9658218749999999 0.845703125 0.9990249999999999 0.8701156250000001 1 0.869140625 0.9853531249999999 0.83203125 0.9638687499999999 0.8125 0.9072281249999999 0.7724593750000001 0.87890625 0.771484375 0.8896499999999999
0 0.000975 0.701171875 0 0.7197281249999999 0.0400375 0.701171875 0.09863125 0.693359375 0.18359375 0.6357437499999999 0.14550625 0.6484375 0.084959375 0.685546875 0.032225 0.6875 0.000975 0.701171875
0 0.225584375 0.0546875 0.17285 0.078125 0.147459375 0.072265625 0.10449062499999999 0.08984375 0.000975 0.09375 0 0.10840000000000001 0.14550625 0.09375 0.29394375 0.0546875 0.326171875 0.036134375 0.27050625 0.052734375 0.225584375 0.0546875
0 0.345703125 0.016603125 0.33203125 0.032228125 0.5498031250000001 0.025390625 0.6796875 0.000978125 0.6142562500000001 0 0.5576156250000001 0.013671875 0.43066250000000006 0.021484375 0.338865625 0.00390625 0.345703125 0.016603125
0 0.0869125 0.8671875 0.126953125 0.8896499999999999 0.123046875 0.9072281249999999 0.158203125 0.9677749999999999 0.1640625 0.9990249999999999 0.194334375 1 0.1953125 0.9853531249999999 0.1875 0.9482437499999999 0.15234375 0.9169937499999999 0.140625 0.8720718749999999 0.10644374999999999 0.859375 0.07519375 0.814453125 0.04785 0.806640625 0.032225 0.78125 0.000975 0.76171875 0 0.7744156249999999 0.0234375 0.7900406249999999 0.03515625 0.8154312499999999 0.083984375 0.8505874999999999 0.0869125 0.8671875
0 0.70703125 0.217775 0.7138656250000001 0.20703125 0.6982406250000001 0.21484375 0.669921875 0.211915625 0.72265625 0.239259375 0.736328125 0.270509375 0.736328125 0.301759375 0.76171875 0.321290625 0.7705062500000001 0.34375 0.830078125 0.3662125 0.8291000000000001 0.37890625 0.7880843750000001 0.396484375 0.7841781250000001 0.40625 0.8173812500000001 0.400390625 0.8427718750000001 0.384765625 0.8837875000000001 0.390625 0.9208968750000001 0.408203125 0.9345687500000001 0.4375 0.98828125 0.46191562499999994 1 0.45996249999999994 0.9453125 0.43066562499999994 0.9501937500000001 0.408203125 0.8759750000000001 0.375 0.8544906250000001 0.375 0.8291000000000001 0.34375 0.8095687500000001 0.333984375 0.7841781250000001 0.333984375 0.775390625 0.31543125 0.75 0.2959 0.755859375 0.27636875 0.7734375 0.270509375 0.748046875 0.26465 0.7421875 0.235353125 0.70703125 0.217775
0 0.470703125 0.5146499999999999 0.48828125 0.5302749999999999 0.484375 0.5595718749999999 0.466796875 0.5830093749999999 0.48144375000000006 0.609375 0.45800625000000006 0.61328125 0.42089687500000006 0.6015625 0.362303125 0.607421875 0.3369125 0.595703125 0.2890625 0.6025406249999999 0.362303125 0.6171875 0.42089687500000006 0.607421875 0.45995937500000006 0.625 0.5068343750000001 0.619140625 0.64453125 0.6923843749999999 0.65625 0.6845718749999999 0.6220687500000001 0.658203125 0.6025375000000001 0.654296875 0.5478500000000001 0.615234375 0.5166000000000001 0.609375 0.5087875000000001 0.595703125 0.490234375 0.5888687499999999 0.5 0.5654312499999999 0.515625 0.5615249999999999 0.505859375 0.5458999999999999 0.51171875 0.5302749999999999 0.486328125 0.49707187499999994 0.48828125 0.47363437499999994 0.46972500000000006 0.4609375 0.470703125 0.5146499999999999
0 0.9931625000000001 0.705078125 1 0.6943374999999999 0.9150375000000001 0.68359375 0.8486312500000001 0.662109375 0.7060531250000001 0.654296875 0.6943343750000001 0.638671875 0.6748031250000001 0.646484375 0.6748031250000001 0.654296875 0.70703125 0.6728531249999999 0.697265625 0.6884781249999999 0.6630843750000001 0.70703125 0.6435531250000001 0.73828125 0.59375 0.7509781249999999 0.626953125 0.8017593749999999 0.6171875 0.8271499999999999 0.6328125 0.8544937499999999 0.63671875 0.8916031249999999 0.6474593750000001 0.869140625 0.779296875 0.8701187499999999 0.6494125000000001 0.8515625 0.6328125 0.8349624999999999 0.640625 0.8056656249999999 0.61328125 0.7607437499999999 0.6201156250000001 0.75 0.6416000000000001 0.75 0.6728500000000001 0.734375 0.67578125 0.7080093749999999 0.7001937500000001 0.705078125 0.7314437500000001 0.671875 0.8291000000000001 0.673828125 0.9677718750000001 0.705078125 0.9931625000000001 0.705078125
0 0.234375 0.293946875 0.23828125 0.26855625 0.255859375 0.250978125 0.251953125 0.223634375 0.28125 0.204103125 0.2666 0.19921875 0.233396875 0.162109375 0.209959375 0.15625 0.26171875 0.204103125 0.2421875 0.22168125 0.234375 0.258790625 0.203125 0.26855625 0.220703125 0.278321875 0.205078125 0.30761875 0.173828125 0.313478125 0.202146875 0.318359375 0.20800625 0.341796875 0.233396875 0.345703125 0.2744125 0.375 0.3212875 0.38671875 0.334959375 0.4375 0.3681625 0.4296875 0.40331875000000006 0.4375 0.423828125 0.45800937499999994 0.39453125 0.48144687499999994 0.3984375 0.48730624999999994 0.43847500000000006 0.478515625 0.45019375000000006 0.45703125 0.5986312500000001 0.435546875 0.6259750000000001 0.421875 0.671875 0.42285312499999994 0.6357406250000001 0.416015625 0.6064437500000001 0.427734375 0.44628750000000006 0.443359375 0.40722500000000006 0.42578125 0.3525375 0.416015625 0.338865625 0.376953125 0.2744125 0.359375 0.220703125 0.32715 0.21875 0.3037125 0.234375 0.293946875