0 0.935546875 0.7216781250000001 0.9189437500000001 0.763671875 0.9208968750000001 0.771484375 0.927734375 0.7666000000000001 0.9462875000000001 0.71875 0.935546875 0.7216781250000001
0 0.5849593750000001 0.73046875 0.5458968750000001 0.783203125 0.5478500000000001 0.7890625 0.5771468750000001 0.751953125 0.58984375 0.7646468750000001 0.5849593750000001 0.73046875
0 0.513671875 0.2744125 0.5244125000000001 0.330078125 0.5166000000000001 0.228515625 0.5048812500000001 0.26953125 0.513671875 0.2744125
0 0.92578125 0.381834375 0.9052718750000001 0.4296875 0.921875 0.42089687500000006 0.931640625 0.385740625 0.9541000000000001 0.361328125 0.92578125 0.381834375
0 0.7861312500000001 0.0859375 0.810546875 0.065428125 0.81640625 0.032225 0.83984375 0.000975 0.8291000000000001 0 0.80859375 0.018553125 0.7958968750000001 0.0546875 0.7744125000000001 0.0546875 0.7861312500000001 0.0859375
0 0.000975 0.845703125 0 0.8701156250000001 0.014646875 0.869140625 0.03613125 0.83203125 0.092771875 0.8125 0.12109375 0.7724593750000001 0.11034999999999999 0.771484375 0.077146875 0.80859375 0.034178125 0.8125 0.000975 0.845703125
0 0.298828125 0.0400375 0.306640625 0.09863125 0.36425625 0.18359375 0.3515625 0.14550625 0.314453125 0.084959375 0.3125 0.032225 0.298828125 0.000975 0.280271875 0 0.298828125 0.0400375
0 0.90625 0.000975 0.8916000000000001 0 0.90625 0.14550625 0.9453125 0.29394375 0.9638656250000001 0.326171875 0.947265625 0.27050625 0.9453125 0.225584375 0.921875 0.17285 0.927734375 0.147459375 0.91015625 0.10449062499999999 0.90625 0.000975
0 0.974609375 0.5498031250000001 0.9990218750000001 0.6796875 1 0.6142562500000001 0.986328125 0.5576156250000001 0.978515625 0.43066250000000006 0.99609375 0.338865625 0.9833968750000001 0.345703125 0.9677718750000001 0.33203125 0.974609375 0.5498031250000001
0 0.21875 0.032225 0.23828125 0.000975 0.225584375 0 0.209959375 0.0234375 0.18456875 0.03515625 0.1494125 0.083984375 0.1328125 0.0869125 0.11034999999999999 0.126953125 0.092771875 0.123046875 0.032225 0.158203125 0.000975 0.1640625 0 0.194334375 0.014646875 0.1953125 0.051756250000000004 0.1875 0.08300625 0.15234375 0.127928125 0.140625 0.140625 0.10644374999999999 0.185546875 0.07519375 0.193359375 0.04785 0.21875 0.032225
0 0.6845687500000001 0.775390625 0.7041000000000001 0.75 0.7236312500000001 0.755859375 0.7294906250000001 0.7734375 0.7353500000000001 0.748046875 0.7646468750000001 0.7421875 0.7822250000000001 0.70703125 0.79296875 0.7138656250000001 0.78515625 0.6982406250000001 0.7880843750000001 0.669921875 0.7607406250000001 0.72265625 0.7294906250000001 0.736328125 0.6982406250000001 0.736328125 0.6787093750000001 0.76171875 0.65625 0.7705062500000001 0.6337875000000001 0.830078125 0.62109375 0.8291000000000001 0.603515625 0.7880843750000001 0.59375 0.7841781250000001 0.599609375 0.8173812500000001 0.615234375 0.8427718750000001 0.609375 0.8837875000000001 0.591796875 0.9208968750000001 0.5625 0.9345687500000001 0.5380843750000001 0.98828125 0.5400375000000001 1 0.5693343750000001 0.9453125 0.591796875 0.9501937500000001 0.625 0.8759750000000001 0.625 0.8544906250000001 0.65625 0.8291000000000001 0.666015625 0.8095687500000001 0.666015625 0.7841781250000001 0.6845687500000001 0.775390625
0 0.43847500000000006 0.515625 0.45410000000000006 0.505859375 0.46972500000000006 0.51171875 0.5029281250000001 0.486328125 0.5263656250000001 0.48828125 0.5390625 0.46972500000000006 0.48535000000000006 0.470703125 0.46972500000000006 0.48828125 0.44042812500000006 0.484375 0.41699062500000006 0.466796875 0.390625 0.48144375000000006 0.38671875 0.45800625000000006 0.3984375 0.42089687500000006 0.392578125 0.362303125 0.404296875 0.3369125 0.397459375 0.2890625 0.3828125 0.362303125 0.392578125 0.42089687500000006 0.375 0.45995937500000006 0.380859375 0.5068343750000001 0.307615625 0.64453125 0.315428125 0.65625 0.341796875 0.6220687500000001 0.345703125 0.6025375000000001 0.384765625 0.5478500000000001 0.390625 0.5166000000000001 0.404296875 0.5087875000000001 0.41113125000000006 0.490234375 0.43456875000000006 0.5 0.43847500000000006 0.515625
0 0.265625 0.6728500000000001 0.291990625 0.67578125 0.294921875 0.7001937500000001 0.328125 0.7314437500000001 0.326171875 0.8291000000000001 0.294921875 0.9677718750000001 0.294921875 0.9931625000000001 0.3056625 1 0.31640625 0.9150375000000001 0.337890625 0.8486312500000001 0.345703125 0.7060531250000001 0.361328125 0.6943343750000001 0.353515625 0.6748031250000001 0.345703125 0.6748031250000001 0.327146875 0.70703125 0.311521875 0.697265625 0.29296875 0.6630843750000001 0.26171875 0.6435531250000001 0.249021875 0.59375 0.198240625 0.626953125 0.17285 0.6171875 0.14550625 0.6328125 0.10839687499999999 0.63671875 0.130859375 0.6474593750000001 0.12988125 0.779296875 0.1484375 0.6494125000000001 0.1650375 0.6328125 0.194334375 0.640625 0.23925625 0.61328125 0.25 0.6201156250000001 0.25 0.6416000000000001 0.265625 0.6728500000000001
0 0.57421875 0.40722500000000006 0.583984375 0.3525375 0.623046875 0.338865625 0.640625 0.2744125 0.6728500000000001 0.220703125 0.6962875000000001 0.21875 0.7060531250000001 0.234375 0.7314437500000001 0.23828125 0.7490218750000001 0.255859375 0.7763656250000001 0.251953125 0.7958968750000001 0.28125 0.80078125 0.2666 0.837890625 0.233396875 0.84375 0.209959375 0.7958968750000001 0.26171875 0.7783187500000001 0.2421875 0.7412093750000001 0.234375 0.7314437500000001 0.203125 0.7216781250000001 0.220703125 0.6923812500000001 0.205078125 0.6865218750000001 0.173828125 0.681640625 0.202146875 0.658203125 0.20800625 0.654296875 0.233396875 0.625 0.2744125 0.61328125 0.3212875 0.5625 0.334959375 0.5703125 0.3681625 0.5625 0.40331875000000006 0.5419906250000001 0.423828125 0.5185531250000001 0.39453125 0.5126937500000001 0.3984375 0.521484375 0.43847500000000006 0.54296875 0.45019375000000006 0.564453125 0.5986312500000001 0.578125 0.6259750000000001 0.5771468750000001 0.671875 0.583984375 0.6357406250000001 0.572265625 0.6064437500000001 0.556640625 0.44628750000000006 0.57421875 0.40722500000000006