1 0.6353828125 0.41078125 0.579971875 0.41078125 0.5725828125 0.42743593750000003 0.653853125 0.455190625 0.6353828125 0.41078125
1 0.76098125 0.4607421875 0.7018765625000001 0.4718453125 0.69818125 0.49405 0.7720640624999999 0.5051515625 0.7757578125 0.4718453125 0.76098125 0.4607421875
1 0.3694078125 0.42743593750000003 0.313996875 0.4329859375 0.2918328125 0.46629375 0.3952671875 0.455190625 0.3915734375 0.4329859375 0.3694078125 0.42743593750000003
1 0.1588453125 0.5551125 0.1847046875 0.5717671875 0.236421875 0.5495625000000001 0.2548921875 0.5329078125 0.240115625 0.5051515625 0.169928125 0.510703125 0.1588453125 0.5551125
1 0.13668125 0.6161765625 0.1625390625 0.649484375 0.19948125 0.655034375 0.2290328125 0.6050734375 0.1957859375 0.58286875 0.166234375 0.58286875 0.13668125 0.6161765625
1 0.9124390625000001 0.5329078125 0.8681093750000001 0.5495625000000001 0.89396875 0.6161765625 0.9789328125000001 0.6161765625 0.9641562499999999 0.566215625 0.9124390625000001 0.5329078125
1 0.454371875 0.5717671875 0.454371875 0.593971875 0.5762765625 0.610625 0.591053125 0.566215625 0.5615 0.5440109375 0.48023125 0.5495625000000001 0.454371875 0.5717671875
1 0.546725 0.704996875 0.5097828125 0.6716890624999999 0.4322078125 0.6716890624999999 0.4285140625 0.72165 0.48023125 0.766059375 0.520865625 0.7605078125 0.546725 0.7327515625000001 0.546725 0.704996875
1 0.47284218750000007 0.7993671875 0.3989609375 0.8382250000000001 0.46176093749999997 0.8770843749999999 0.591053125 0.8715328124999999 0.5651953125 0.8104687500000001 0.47284218750000007 0.7993671875
1 0.8053109375 0.6883421875 0.7794515625 0.677240625 0.731428125 0.677240625 0.653853125 0.72165 0.7092640625 0.7882640624999999 0.794228125 0.7938156249999999 0.827475 0.7327515625000001 0.8053109375 0.6883421875
1 0.43166562500000005 1 0.33985625 0.97700625 0.2733625 0.8604296874999999 0.2548921875 0.8604296874999999 0.24380937500000002 0.8937375 0.166234375 0.92149375 0.11747343750000001 1 0.43166562500000005 1