1 0.42707187500000005 0.4147671875 0.372184375 0.4147671875 0.3538875 0.45875937499999997 0.434390625 0.43126406250000004 0.42707187500000005 0.4147671875
1 0.2367921875 0.5082484375 0.3099765625 0.49725 0.30631718750000003 0.4752546875 0.2477703125 0.4642578125 0.2331328125 0.4752546875 0.2367921875 0.5082484375
1 0.610034375 0.45875937499999997 0.7124921875 0.46975625 0.6905375 0.43676250000000005 0.6356484375 0.43126406250000004 0.61369375 0.43676250000000005 0.610034375 0.45875937499999997
1 0.833246875 0.513746875 0.763721875 0.5082484375 0.7490859375000001 0.5357421875 0.76738125 0.5522390625 0.8186109374999999 0.574234375 0.844225 0.5577375 0.833246875 0.513746875
1 0.83690625 0.5852328124999999 0.8076328125 0.5852328124999999 0.7746999999999999 0.607228125 0.8039734375 0.6567171875 0.840565625 0.65121875 0.86618125 0.618225 0.83690625 0.5852328124999999
1 0.031875 0.618225 0.11603749999999999 0.618225 0.141653125 0.5522390625 0.0977421875 0.5357421875 0.0465125 0.5687359375 0.031875 0.618225
1 0.525871875 0.5522390625 0.44536875 0.546740625 0.4160953125 0.5687359375 0.43073125 0.6127265625 0.5514859375000001 0.5962296874999999 0.5514859375000001 0.574234375 0.525871875 0.5522390625
1 0.46000625 0.7062062499999999 0.46000625 0.7337015625000001 0.48562031250000004 0.7611953125 0.525871875 0.7666937500000001 0.5771015625 0.722703125 0.5734421875 0.6732140625 0.4965984375 0.6732140625 0.46000625 0.7062062499999999
1 0.4160953125 0.8711718749999999 0.54416875 0.8766718750000001 0.606375 0.8381796874999999 0.533190625 0.7996875 0.441709375 0.8106843749999999 0.4160953125 0.8711718749999999
1 0.203859375 0.6897109375 0.1819046875 0.7337015625000001 0.21483750000000001 0.7941890625 0.29900000000000004 0.7886890625 0.3538875 0.722703125 0.27704375 0.6787124999999999 0.2294734375 0.6787124999999999 0.203859375 0.6897109375
1 0.8861828125000001 1 0.83690625 0.9206625 0.7600625 0.8931671874999999 0.7490859375000001 0.8601749999999999 0.7307890625 0.8601749999999999 0.6649234374999999 0.9756500000000001 0.5677015625 1 0.8861828125000001 1