1 0.420028125 0.41078125 0.3646171875 0.41078125 0.34614687499999997 0.455190625 0.4274171875 0.42743593750000003 0.420028125 0.41078125
1 0.2279359375 0.5051515625 0.30181874999999997 0.49405 0.29812343750000003 0.4718453125 0.23901875 0.4607421875 0.22424218749999997 0.4718453125 0.2279359375 0.5051515625
1 0.6047328125 0.455190625 0.7081671875 0.46629375 0.6860031249999999 0.4329859375 0.6305921875 0.42743593750000003 0.6084265624999999 0.4329859375 0.6047328125 0.455190625
1 0.830071875 0.510703125 0.7598843750000001 0.5051515625 0.7451078125 0.5329078125 0.763578125 0.5495625000000001 0.8152953125 0.5717671875 0.8411546875000001 0.5551125 0.830071875 0.510703125
1 0.8337656250000001 0.58286875 0.8042140625 0.58286875 0.7709671874999999 0.6050734375 0.80051875 0.655034375 0.8374609375000001 0.649484375 0.86331875 0.6161765625 0.8337656250000001 0.58286875
1 0.0210671875 0.6161765625 0.10603125 0.6161765625 0.13189062499999998 0.5495625000000001 0.0875609375 0.5329078125 0.03584375 0.566215625 0.0210671875 0.6161765625
1 0.51976875 0.5495625000000001 0.4385 0.5440109375 0.408946875 0.566215625 0.42372343749999997 0.610625 0.545628125 0.593971875 0.545628125 0.5717671875 0.51976875 0.5495625000000001
1 0.453275 0.704996875 0.453275 0.7327515625000001 0.479134375 0.7605078125 0.51976875 0.766059375 0.5714859375 0.72165 0.5677921875 0.6716890624999999 0.4902171875 0.6716890624999999 0.453275 0.704996875
1 0.408946875 0.8715328124999999 0.5382390625 0.8770843749999999 0.6010390625 0.8382250000000001 0.5271578124999999 0.7993671875 0.43480468749999995 0.8104687500000001 0.408946875 0.8715328124999999
1 0.1946890625 0.6883421875 0.17252499999999998 0.7327515625000001 0.205771875 0.7938156249999999 0.2907359375 0.7882640624999999 0.34614687499999997 0.72165 0.268571875 0.677240625 0.22054843750000003 0.677240625 0.1946890625 0.6883421875
1 0.8825265625000001 1 0.8337656250000001 0.92149375 0.756190625 0.8937375 0.7451078125 0.8604296874999999 0.7266375 0.8604296874999999 0.66014375 0.97700625 0.568334375 1 0.8825265625000001 1