1 0.429090625 0.41529999999999995 0.3745453125 0.41529999999999995 0.3563640625 0.459015625 0.43636406250000004 0.43169375 0.429090625 0.41529999999999995
1 0.2363640625 0.475409375 0.24 0.508196875 0.3127265625 0.4972671875 0.309090625 0.475409375 0.250909375 0.46448124999999996 0.2363640625 0.475409375
1 0.6145453125 0.4371578125 0.6109093750000001 0.459015625 0.7127265625 0.4699453125 0.690909375 0.4371578125 0.6363640625 0.43169375 0.6145453125 0.4371578125
1 0.749090625 0.53551875 0.7672734375 0.5519125 0.81818125 0.5737703125 0.8436359375 0.5573765625 0.8327265625000001 0.5136609375 0.7636359374999999 0.508196875 0.749090625 0.53551875
1 0.7745453125 0.6065578125 0.8036359375 0.6557375000000001 0.8400000000000001 0.6502734375 0.8654546875 0.6174859374999999 0.8363640625000001 0.5847 0.8072734374999999 0.5847 0.7745453125 0.6065578125
1 0.050909375 0.56830625 0.0363640625 0.6174859374999999 0.12 0.6174859374999999 0.14545468749999999 0.5519125 0.10181875 0.53551875 0.050909375 0.56830625
1 0.41818125000000006 0.56830625 0.43272656249999997 0.612021875 0.5527265625 0.595628125 0.5527265625 0.5737703125 0.5272734375 0.5519125 0.4472734375 0.5464484374999999 0.41818125000000006 0.56830625
1 0.4872734375 0.7595625 0.5272734375 0.7650265625 0.57818125 0.7213109375 0.5745453125 0.67213125 0.49818125 0.67213125 0.46181875000000006 0.70491875 0.46181875000000006 0.732240625 0.4872734375 0.7595625
1 0.4436359375 0.80874375 0.41818125000000006 0.868853125 0.5454546875 0.8743171875 0.6072734375 0.836065625 0.5345453124999999 0.7978140625 0.4436359375 0.80874375
1 0.21818125 0.79235 0.30181874999999997 0.7868859375 0.3563640625 0.7213109375 0.27999999999999997 0.6775953125 0.23272656249999998 0.6775953125 0.2072734375 0.688525 0.1854546875 0.732240625 0.21818125 0.79235
1 0.8872734375 1 0.8363640625000001 0.9180328125000001 0.76 0.8907109375 0.749090625 0.8579234375 0.730909375 0.8579234375 0.6654546875 0.9726781250000001 0.5563640624999999 1 0.8872734375 1