1 0.627815625 0.4147671875 0.572928125 0.4147671875 0.565609375 0.43126406250000004 0.6461125 0.45875937499999997 0.627815625 0.4147671875
1 0.7522296875000001 0.4642578125 0.6936828125 0.4752546875 0.6900234375000001 0.49725 0.7632078124999999 0.5082484375 0.7668671875 0.4752546875 0.7522296875000001 0.4642578125
1 0.3643515625 0.43126406250000004 0.30946250000000003 0.43676250000000005 0.2875078125 0.46975625 0.389965625 0.45875937499999997 0.38630624999999996 0.43676250000000005 0.3643515625 0.43126406250000004
1 0.155775 0.5577375 0.1813890625 0.574234375 0.23261875 0.5522390625 0.25091406250000003 0.5357421875 0.23627812499999998 0.5082484375 0.166753125 0.513746875 0.155775 0.5577375
1 0.13381875000000001 0.618225 0.159434375 0.65121875 0.1960265625 0.6567171875 0.2253 0.607228125 0.19236718749999998 0.5852328124999999 0.16309374999999998 0.5852328124999999 0.13381875000000001 0.618225
1 0.9022578125 0.5357421875 0.858346875 0.5522390625 0.8839625 0.618225 0.968125 0.618225 0.9534874999999999 0.5687359375 0.9022578125 0.5357421875
1 0.4485140625 0.574234375 0.4485140625 0.5962296874999999 0.56926875 0.6127265625 0.5839046875 0.5687359375 0.55463125 0.546740625 0.474128125 0.5522390625 0.4485140625 0.574234375
1 0.53999375 0.7062062499999999 0.5034015625 0.6732140625 0.4265578125 0.6732140625 0.42289843749999995 0.722703125 0.474128125 0.7666937500000001 0.5143796875 0.7611953125 0.53999375 0.7337015625000001 0.53999375 0.7062062499999999
1 0.46680937499999997 0.7996875 0.393625 0.8381796874999999 0.45583125 0.8766718750000001 0.5839046875 0.8711718749999999 0.5582906249999999 0.8106843749999999 0.46680937499999997 0.7996875
1 0.7961406249999999 0.6897109375 0.7705265625 0.6787124999999999 0.72295625 0.6787124999999999 0.6461125 0.722703125 0.701 0.7886890625 0.7851625 0.7941890625 0.8180953125 0.7337015625000001 0.7961406249999999 0.6897109375
1 0.43229843749999997 1 0.3350765625 0.9756500000000001 0.26921093749999997 0.8601749999999999 0.25091406250000003 0.8601749999999999 0.2399375 0.8931671874999999 0.16309374999999998 0.9206625 0.1138171875 1 0.43229843749999997 1