1 0.56764375 0.4391984375 0.64468125 0.4765328125 0.6318015625 0.43034999999999995 0.576978125 0.42361875 0.56764375 0.4391984375
1 0.75 0.495040625 0.690171875 0.4988453125 0.6838203125 0.5203656249999999 0.7555703125 0.5403249999999999 0.763271875 0.5078203125 0.75 0.495040625
1 0.366621875 0.41451562500000005 0.3111234375 0.4132765625 0.2851484375 0.4435390625 0.3888359375 0.44511874999999995 0.38787812499999996 0.4227015625 0.366621875 0.41451562500000005
1 0.2292578125 0.475703125 0.1591390625 0.47266874999999997 0.1427796875 0.5152609375 0.166340625 0.5348796874999999 0.2202078125 0.51919375 0.24050625 0.504959375 0.2292578125 0.475703125
1 0.1759578125 0.5472109374999999 0.1467171875 0.5436203125 0.11343125000000001 0.5729859375 0.1349703125 0.60908125 0.17084531249999999 0.6190609375 0.2061546875 0.5732203124999999 0.1759578125 0.5472109374999999
1 0.8910859375 0.584840625 0.8452031249999999 0.5959328125 0.8626953125 0.6649828125 0.9467593750000001 0.6753046875 0.9382093749999999 0.624078125 0.8910859375 0.584840625
1 0.5425171875 0.5531921875 0.46143437499999995 0.5488125 0.4331515625 0.567640625 0.4304546875 0.589609375 0.5490453125 0.620896875 0.5690593749999999 0.578753125 0.5425171875 0.5531921875
1 0.50496875 0.7381390624999999 0.508340625 0.7106765625 0.4758375 0.673234375 0.399084375 0.6638109375 0.389359375 0.71279375 0.4351328125 0.763015625 0.47601250000000006 0.7624593749999999 0.50496875 0.7381390624999999
1 0.42377656249999995 0.7950734374999999 0.3459578125 0.8245437499999999 0.40337187500000005 0.8706203125 0.53196875 0.8808343750000001 0.5138015625000001 0.8172765625 0.42377656249999995 0.7950734374999999
1 0.7827453125 0.7722453125000001 0.7662093750000001 0.7256140624999999 0.7419749999999999 0.7114874999999999 0.694459375 0.705653125 0.6123109375 0.74016875 0.6590421875 0.812809375 0.74243125 0.8286234374999999 0.7827453125 0.7722453125000001
1 0.27061875 0.9546734375 0.2189921875 0.83125625 0.2007171875 0.8290109375 0.18570625000000002 0.8606203125 0.10557968749999999 0.8786578125 0.0442953125 0.9547609375 0.37689531249999997 0.9955984375 0.27061875 0.9546734375