1 0.35531875 0.4765328125 0.43235625000000005 0.4391984375 0.423021875 0.42361875 0.3681984375 0.43034999999999995 0.35531875 0.4765328125
1 0.2444296875 0.5403249999999999 0.3161796875 0.5203656249999999 0.309828125 0.4988453125 0.25 0.495040625 0.236728125 0.5078203125 0.2444296875 0.5403249999999999
1 0.6111640625 0.44511874999999995 0.7148515625 0.4435390625 0.6888765625 0.4132765625 0.633378125 0.41451562500000005 0.6121218749999999 0.4227015625 0.6111640625 0.44511874999999995
1 0.7594937500000001 0.504959375 0.7797921875 0.51919375 0.8336593750000001 0.5348796874999999 0.8572203125 0.5152609375 0.8408609374999999 0.47266874999999997 0.7707421875 0.475703125 0.7594937500000001 0.504959375
1 0.7938453125 0.5732203124999999 0.8291546875 0.6190609375 0.8650296875000001 0.60908125 0.88656875 0.5729859375 0.8532828125 0.5436203125 0.8240421874999999 0.5472109374999999 0.7938453125 0.5732203124999999
1 0.053240625 0.6753046875 0.1373046875 0.6649828125 0.154796875 0.5959328125 0.10891406249999999 0.584840625 0.061790625 0.624078125 0.053240625 0.6753046875
1 0.430940625 0.578753125 0.4509546875 0.620896875 0.5695453125000001 0.589609375 0.5668484375 0.567640625 0.538565625 0.5488125 0.4574828125 0.5531921875 0.430940625 0.578753125
1 0.49503125 0.7381390624999999 0.5239874999999999 0.7624593749999999 0.5648671875 0.763015625 0.610640625 0.71279375 0.6009156250000001 0.6638109375 0.5241625 0.673234375 0.49165937499999995 0.7106765625 0.49503125 0.7381390624999999
1 0.46803125 0.8808343750000001 0.596628125 0.8706203125 0.6540421875 0.8245437499999999 0.5762234375 0.7950734374999999 0.48619843749999997 0.8172765625 0.46803125 0.8808343750000001
1 0.21725468750000002 0.7722453125000001 0.25756875 0.8286234374999999 0.3409578125 0.812809375 0.3876890625 0.74016875 0.305540625 0.705653125 0.258025 0.7114874999999999 0.233790625 0.7256140624999999 0.21725468750000002 0.7722453125000001
1 0.72938125 0.9546734375 0.6231046874999999 0.9955984375 0.9557046874999999 0.9547609375 0.8944203125 0.8786578125 0.81429375 0.8606203125 0.7992828125 0.8290109375 0.7810078125000001 0.83125625 0.72938125 0.9546734375