1 0.5714859375 0.4399578125 0.6475609375 0.4768265625 0.6348421875 0.4312203125 0.580703125 0.4245734375 0.5714859375 0.4399578125
1 0.76466875 0.507721875 0.7515625 0.49510156250000004 0.6924828125 0.498859375 0.686209375 0.5201109374999999 0.7570625 0.539821875 0.76466875 0.507721875
1 0.39396718750000004 0.4236671875 0.3729765625 0.415584375 0.318171875 0.41436093749999997 0.292521875 0.44424374999999994 0.3949125 0.4458046875 0.39396718750000004 0.4236671875
1 0.22839218749999998 0.518953125 0.2484375 0.5048984375 0.2373296875 0.47600625 0.1680875 0.473009375 0.1519328125 0.5150703125 0.1752 0.53444375 0.22839218749999998 0.518953125
1 0.179646875 0.6175734375 0.214515625 0.5723046875 0.1846953125 0.5466203125 0.155821875 0.543075 0.12295156249999999 0.5720734375000001 0.1442203125 0.6077171875 0.179646875 0.6175734375
1 0.93741875 0.6225265624999999 0.8908843750000001 0.58378125 0.8455765625 0.594734375 0.8628500000000001 0.6629203125 0.9458624999999999 0.6731140625 0.93741875 0.6225265624999999
1 0.55311875 0.6193859374999999 0.572884375 0.5777687499999999 0.5466734375 0.552528125 0.4666046875 0.5482015625 0.43867500000000004 0.5667953125 0.43601093750000003 0.5884890625 0.55311875 0.6193859374999999
1 0.39542968749999996 0.710134375 0.44063125000000003 0.759728125 0.481 0.7591796875 0.50959375 0.7351625 0.5129234375 0.7080437500000001 0.4808265625 0.6710703125 0.4050328125 0.6617640625 0.39542968749999996 0.710134375
1 0.5183171875 0.8133109375 0.4294171875 0.791384375 0.35257031250000004 0.8204874999999999 0.40926718749999996 0.8659874999999999 0.53625625 0.8760734375 0.5183171875 0.8133109375
1 0.6155953125 0.7371671875 0.6617421875 0.8088984375000001 0.7440890625 0.8245156250000001 0.7838984375 0.7688421875 0.7675703125 0.72279375 0.7436375 0.70884375 0.6967171875 0.7030828125 0.6155953125 0.7371671875
1 0.1151984375 0.8739250000000001 0.0546796875 0.9490765624999999 0.383121875 0.9894046875000001 0.2781734375 0.9489906250000001 0.22719218749999998 0.827115625 0.2091453125 0.8248984374999999 0.194321875 0.8561125 0.1151984375 0.8739250000000001